8.210342266948693180e+00
8.176404935990710499e+00
8.141068418406751661e+00
8.104332714196816667e+00
8.066197823360905517e+00
8.026663745899021762e+00
7.985730481811160963e+00
7.943398031097324896e+00
7.899666393757512672e+00
7.854535569791726068e+00
7.808005559199963308e+00
7.760076361982224391e+00
7.710747978138510206e+00
7.660020407668820752e+00
7.607893650573155142e+00
7.554367706851515152e+00
7.499442576503899005e+00
7.443118259530307590e+00
7.385394755930740018e+00
7.326272065705196290e+00
7.265750188853679070e+00
7.203829125376184805e+00
7.140508875272715272e+00
7.075789438543270471e+00
7.009670815187850401e+00
6.942153005206454175e+00
6.873236008599083569e+00
6.802919825365735029e+00
6.731204455506413886e+00
6.658089899021115698e+00
6.583576155909841354e+00
6.507663226172593518e+00
6.430351109809367749e+00
6.351639806820167600e+00
6.271529317204991294e+00
6.190019640963840608e+00
6.107110778096713766e+00
6.022802728603611655e+00
5.937095492484532500e+00
5.849989069739479852e+00
5.761483460368450160e+00
5.671578664371446088e+00
5.580274681748466747e+00
5.487571512499511250e+00
5.393469156624578709e+00
5.297967614123672675e+00
5.201066884996790485e+00
5.102766969243933026e+00
5.003067866865100299e+00
4.901969577860290528e+00
4.799472102229505488e+00
4.695575439972746956e+00
4.590279591090011380e+00
4.483584555581300535e+00
4.375490333446613533e+00
4.265996924685952152e+00
4.155104329299315502e+00
4.042812547286701808e+00
3.929121578648113289e+00
3.814031423383549502e+00
3.697542081493009114e+00
3.579653552976493902e+00
3.460365837834002090e+00
3.339678936065536341e+00
3.217592847671093104e+00
3.094107572650675930e+00
2.969223111004283489e+00
2.842939462731914002e+00
2.715256627833573244e+00
2.586174606309253221e+00
2.455693398158957041e+00
2.323813003382686038e+00
2.190533421980440654e+00
2.055854653952219113e+00
1.919776699298020528e+00
1.782299558017850227e+00
1.643423230111698219e+00
1.503147715579574273e+00
1.361473014421476613e+00
1.218399126637400798e+00
1.073926052227350603e+00
9.280537911913262494e-01
7.807823435293242964e-01
6.321117092413464089e-01
4.820418883273936972e-01
3.305728807874661612e-01
1.777046866215617749e-01
2.343730582968160323e-02
-1.322292615881705269e-01
-2.892950156320013844e-01
-4.477599563018080375e-01
-6.076240835975885712e-01
-7.688873975193449839e-01
-9.315498980670781082e-01
-1.095611585240786168e+00
-1.261072459040468940e+00
-1.427932519466128758e+00
-1.596191766517765176e+00
-1.765850200195372421e+00
-1.936907820498956712e+00
