5.686952428809672888e+00
5.654884420751738361e+00
5.621946991130003290e+00
5.588140139944469453e+00
5.553463867195135073e+00
5.517918172882001038e+00
5.481503057005067348e+00
5.444218519564334002e+00
5.406064560559800114e+00
5.367041179991467459e+00
5.327148377859334261e+00
5.286386154163401407e+00
5.244754508903669787e+00
5.202253442080136736e+00
5.158882953692804918e+00
5.114643043741673445e+00
5.069533712226741429e+00
5.023554959148009758e+00
4.976706784505479320e+00
4.928989188299148339e+00
4.880402170529018591e+00
4.830945731195087411e+00
4.780619870297357465e+00
4.729424587835827865e+00
4.677359883810497720e+00
4.624425758221367921e+00
4.570622211068438467e+00
4.515949242351710247e+00
4.460406852071180595e+00
4.403995040226852176e+00
4.346713806818724990e+00
4.288563151846795485e+00
4.229543075311066325e+00
4.169653577211540174e+00
4.108894657548212592e+00
4.047266316321085355e+00
3.984768553530158908e+00
3.921401369175431029e+00
3.857164763256903939e+00
3.792058735774578526e+00
3.726083286728452570e+00
3.659238416118526072e+00
3.591524123944800806e+00
3.522940410207274997e+00
3.453487274905949977e+00
3.383164718040825303e+00
3.311972739611899641e+00
3.239911339619175656e+00
3.166980518062652017e+00
3.093180274942327834e+00
3.018510610258203108e+00
2.942971524010279616e+00
2.866563016198556912e+00
2.789285086823033666e+00
2.711137735883710764e+00
2.632120963380586876e+00
2.552234769313665108e+00
2.471479153682943686e+00
2.389854116488420832e+00
2.307359657730099656e+00
2.223995777407977936e+00
2.139762475522055230e+00
2.054659752072334644e+00
1.968687607058813960e+00
1.881846040481492288e+00
1.794135052340371628e+00
1.705554642635451978e+00
1.616104811366731786e+00
1.525785558534212383e+00
1.434596884137893547e+00
1.342538788177773279e+00
1.249611270653853357e+00
1.155814331566135333e+00
1.061147970914616323e+00
9.656121886992983239e-01
8.692069849201807807e-01
7.719323595772605850e-01
6.737883126705432879e-01
5.747748442000264468e-01
4.748919541657087851e-01
3.741396425675914683e-01
2.725179094056746631e-01
1.700267546799569818e-01
6.666617839044165772e-02
-3.756381946287388335e-02
-1.426632388799908835e-01
-2.486320798609061855e-01
-3.554703424056210315e-01
-4.631780265141379749e-01
-5.717551321864520197e-01
-6.812016594225668298e-01
-7.915176082224812948e-01
-9.027029785861965250e-01
-1.014757770513708746e+00
-1.127681984005024507e+00
-1.241475619060137259e+00
-1.356138675679050554e+00
-1.471671153861763726e+00
-1.588073053608277663e+00
-1.705344374918591033e+00
