8.086211714763004821e+00
8.067648906255600494e+00
8.047722280495657188e+00
8.026431837483169573e+00
8.003777577218141204e+00
7.979759499700572078e+00
7.954377604930462198e+00
7.927631892907808897e+00
7.899522363632614841e+00
7.870049017104880029e+00
7.839211853324603574e+00
7.807010872291785475e+00
7.773446074006425732e+00
7.738517458468524346e+00
7.702225025678083092e+00
7.664568775635099307e+00
7.625548708339575654e+00
7.585164823791508582e+00
7.543417121990900753e+00
7.500305602937752170e+00
7.455830266632061054e+00
7.409991113073829183e+00
7.362788142263055668e+00
7.314221354199741398e+00
7.264290748883885485e+00
7.212996326315487039e+00
7.160338086494547838e+00
7.106316029421066993e+00
7.050930155095046281e+00
6.994180463516483037e+00
6.936066954685378150e+00
6.876589628601731619e+00
6.815748485265543444e+00
6.753543524676815402e+00
6.689974746835543939e+00
6.625042151741733498e+00
6.558745739395380525e+00
6.491085509796485908e+00
6.422061462945049648e+00
6.351673598841072632e+00
6.279921917484553084e+00
6.206806418875493669e+00
6.132327103013891723e+00
6.056483969899749020e+00
5.979277019533064674e+00
5.900706251913839573e+00
5.820771667042072828e+00
5.739473264917762663e+00
5.656811045540913518e+00
5.572785008911520954e+00
5.487395155029588523e+00
5.400641483895114447e+00
5.312523995508097840e+00
5.223042689868542254e+00
5.132197566976442360e+00
5.039988626831803487e+00
4.946415869434622969e+00
4.851479294784899032e+00
4.755178902882635228e+00
4.657514693727830668e+00
4.558486667320482688e+00
4.458094823660593953e+00
4.356339162748164462e+00
4.253219684583192439e+00
4.148736389165680549e+00
4.042889276495626127e+00
3.935678346573030950e+00
3.827103599397894573e+00
3.717165034970216997e+00
3.605862653289996889e+00
3.493196454357235581e+00
3.379166438171933073e+00
3.263772604734089811e+00
3.147014954043704460e+00
3.028893486100777022e+00
2.909408200905309716e+00
2.788559098457298102e+00
2.666346178756747509e+00
2.542769441803655717e+00
2.417828887598021836e+00
2.291524516139846757e+00
2.163856327429131365e+00
2.034824321465872110e+00
1.904428498250073210e+00
1.772668857781731999e+00
1.639545400060849811e+00
1.505058125087427090e+00
1.369207032861461171e+00
1.231992123382955162e+00
1.093413396651907732e+00
9.534708526683181029e-01
8.121644914321864972e-01
6.694943129435162454e-01
5.254603172023020186e-01
3.800625042085464256e-01
2.333008739622525196e-01
8.517542646341449974e-02
-6.431383828796576052e-02
-2.151669202918872481e-01
-3.673838195483471458e-01
