1.642068453389738636e+01
1.635280987198142100e+01
1.628213683681350332e+01
1.620866542839363333e+01
1.613239564672181103e+01
1.605332749179804352e+01
1.597146096362232193e+01
1.588679606219464979e+01
1.579933278751502534e+01
1.570907113958345214e+01
1.561601111839992662e+01
1.552015272396444878e+01
1.542149595627702041e+01
1.532004081533764150e+01
1.521578730114631028e+01
1.510873541370303030e+01
1.499888515300779801e+01
1.488623651906061518e+01
1.477078951186148004e+01
1.465254413141039258e+01
1.453150037770735814e+01
1.440765825075236961e+01
1.428101775054543054e+01
1.415157887708654094e+01
1.401934163037570080e+01
1.388430601041290835e+01
1.374647201719816714e+01
1.360583965073147006e+01
1.346240891101282777e+01
1.331617979804223140e+01
1.316715231181968271e+01
1.301532645234518704e+01
1.286070221961873550e+01
1.270327961364033520e+01
1.254305863440998259e+01
1.238003928192768122e+01
1.221422155619342753e+01
1.204560545720722331e+01
1.187419098496906500e+01
1.169997813947895970e+01
1.152296692073690032e+01
1.134315732874289218e+01
1.116054936349693349e+01
1.097514302499902250e+01
1.078693831324915742e+01
1.059593522824734535e+01
1.040213376999358097e+01
1.020553393848786605e+01
1.000613573373020060e+01
9.803939155720581056e+00
9.598944204459010976e+00
9.391150879945493912e+00
9.180559182180022759e+00
8.967169111162601070e+00
8.750980666893227067e+00
8.531993849371904304e+00
8.310208658598631004e+00
8.085625094573403615e+00
7.858243157296226578e+00
7.628062846767099003e+00
7.395084162986018228e+00
7.159307105952987804e+00
6.920731675668004179e+00
6.679357872131072682e+00
6.435185695342186207e+00
6.188215145301351860e+00
5.938446222008566977e+00
5.685878925463828004e+00
5.430513255667146488e+00
5.172349212618506442e+00
4.911386796317914083e+00
4.647626006765372075e+00
4.381066843960881307e+00
4.111709307904438226e+00
3.839553398596041056e+00
3.564599116035700455e+00
3.286846460223396438e+00
3.006295431159148546e+00
2.722946028842953226e+00
2.436798253274801596e+00
2.147852104454701205e+00
1.856107582382652499e+00
1.561564687058648593e+00
1.264223418482692818e+00
9.640837766547873944e-01
6.611457615749323224e-01
3.554093732431235497e-01
4.687461165936320645e-02
-2.644585231763410538e-01
-5.785900312640027687e-01
-8.955199126036160751e-01
-1.215248167195177142e+00
-1.537774795038689968e+00
-1.863099796134156216e+00
-2.191223170481572335e+00
-2.522144918080937881e+00
-2.855865038932257516e+00
-3.192383533035530352e+00
-3.531700400390744843e+00
-3.873815640997913423e+00
