1.299471485035758356e+01
1.294461437699309947e+01
1.289332848196739079e+01
1.284085716528045218e+01
1.278720042693229431e+01
1.273235826692291184e+01
1.267633068525230478e+01
1.261911768192047312e+01
1.256071925692741686e+01
1.250113541027313779e+01
1.244036614195763413e+01
1.237841145198090587e+01
1.231527134034295479e+01
1.225094580704377911e+01
1.218543485208337707e+01
1.211873847546175220e+01
1.205085667717890274e+01
1.198178945723482869e+01
1.191153681562953182e+01
1.184009875236301212e+01
1.176747526743526606e+01
1.169366636084629540e+01
1.161867203259610193e+01
1.154249228268468386e+01
1.146512711111204119e+01
1.138657651787817571e+01
1.130684050298308385e+01
1.122591906642676918e+01
1.114381220820922991e+01
1.106051992833046604e+01
1.097604222679047759e+01
1.089037910358926808e+01
1.080353055872683044e+01
1.071549659220316997e+01
1.062627720401828846e+01
1.053587239417217880e+01
1.044428216266484633e+01
1.035150650949629103e+01
1.025754543466650759e+01
1.016239893817550310e+01
1.006606702002327403e+01
9.968549680209820352e+00
9.869846918735143859e+00
9.769958735599242772e+00
9.668885130802115313e+00
9.566626104343765036e+00
9.463181656224191940e+00
9.358551786443394249e+00
9.252736495001371964e+00
9.145735781898125083e+00
9.037549647133653608e+00
8.928178090707957537e+00
8.817621112621038648e+00
8.705878712872895164e+00
8.592950891463527086e+00
8.478837648392936188e+00
8.363538983661118920e+00
8.247054897268078832e+00
8.129385389213814150e+00
8.010530459498326650e+00
7.890490108121613666e+00
7.769264335083675199e+00
7.646853140384515690e+00
7.523256524024128922e+00
7.398474486002519335e+00
7.272507026319685153e+00
7.145354144975628152e+00
7.017015841970346557e+00
6.887492117303840367e+00
6.756782970976111358e+00
6.624888402987154201e+00
6.491808413336976891e+00
6.357543002025573209e+00
6.222092169052947597e+00
6.085455914419094725e+00
5.947634238124019923e+00
5.808627140167720526e+00
5.668434620550196534e+00
5.527056679271447948e+00
5.384493316331476542e+00
5.240744531730281430e+00
5.095810325467859947e+00
4.949690697544216533e+00
4.802385647959348525e+00
4.653895176713255033e+00
4.504219283805936946e+00
4.353357969237396041e+00
4.201311233007630541e+00
4.048079075116640446e+00
3.893661495564426644e+00
3.738058494350988692e+00
3.581270071476325700e+00
3.423296226940440334e+00
3.264136960743329929e+00
3.103792272884993597e+00
2.942262163365436223e+00
2.779546632184654253e+00
2.615645679342645025e+00
2.450559304839413421e+00
2.284287508674958556e+00
