0.000000000000000000e+00
2.525252525252525415e-01
5.050505050505050830e-01
7.575757575757575690e-01
1.010101010101010166e+00
1.262626262626262763e+00
1.515151515151515138e+00
1.767676767676767735e+00
2.020202020202020332e+00
2.272727272727272929e+00
2.525252525252525526e+00
2.777777777777778123e+00
3.030303030303030276e+00
3.282828282828282873e+00
3.535353535353535470e+00
3.787878787878788067e+00
4.040404040404040664e+00
4.292929292929293261e+00
4.545454545454545858e+00
4.797979797979798455e+00
5.050505050505051052e+00
5.303030303030303649e+00
5.555555555555556246e+00
5.808080808080808843e+00
6.060606060606060552e+00
6.313131313131313149e+00
6.565656565656565746e+00
6.818181818181818343e+00
7.070707070707070940e+00
7.323232323232323537e+00
7.575757575757576134e+00
7.828282828282828731e+00
8.080808080808081328e+00
8.333333333333333925e+00
8.585858585858586522e+00
8.838383838383839120e+00
9.090909090909091717e+00
9.343434343434344314e+00
9.595959595959596911e+00
9.848484848484849508e+00
1.010101010101010210e+01
1.035353535353535470e+01
1.060606060606060730e+01
1.085858585858585990e+01
1.111111111111111249e+01
1.136363636363636509e+01
1.161616161616161769e+01
1.186868686868687028e+01
1.212121212121212110e+01
1.237373737373737370e+01
1.262626262626262630e+01
1.287878787878787890e+01
1.313131313131313149e+01
1.338383838383838409e+01
1.363636363636363669e+01
1.388888888888888928e+01
1.414141414141414188e+01
1.439393939393939448e+01
1.464646464646464707e+01
1.489898989898989967e+01
1.515151515151515227e+01
1.540404040404040487e+01
1.565656565656565746e+01
1.590909090909091006e+01
1.616161616161616266e+01
1.641414141414141525e+01
1.666666666666666785e+01
1.691919191919192045e+01
1.717171717171717304e+01
1.742424242424242564e+01
1.767676767676767824e+01
1.792929292929293084e+01
1.818181818181818343e+01
1.843434343434343603e+01
1.868686868686868863e+01
1.893939393939394122e+01
1.919191919191919382e+01
1.944444444444444642e+01
1.969696969696969902e+01
1.994949494949495161e+01
2.020202020202020421e+01
2.045454545454545681e+01
2.070707070707070940e+01
2.095959595959596200e+01
2.121212121212121460e+01
2.146464646464646719e+01
2.171717171717171979e+01
2.196969696969697239e+01
2.222222222222222499e+01
2.247474747474747758e+01
2.272727272727273018e+01
2.297979797979798278e+01
2.323232323232323537e+01
2.348484848484848797e+01
2.373737373737374057e+01
2.398989898989899316e+01
2.424242424242424221e+01
2.449494949494949481e+01
2.474747474747474740e+01
2.500000000000000000e+01
