5.288638512698525140e+00
5.220772001298213283e+00
5.152631668747889471e+00
5.084217515047556368e+00
5.015529540197213088e+00
4.946567744196857852e+00
4.877332127046493326e+00
4.807822688746117734e+00
4.738039429295731075e+00
4.667982348695334238e+00
4.597651446944927223e+00
4.527046724044510029e+00
4.456168179994080880e+00
4.385015814793642441e+00
4.313589628443192936e+00
4.241889620942733252e+00
4.169915792292262502e+00
4.097668142491782461e+00
4.025146671541290466e+00
3.952351379440787849e+00
3.879282266190276385e+00
3.805939331789752966e+00
3.732322576239219369e+00
3.658431999538675594e+00
3.584267601688120752e+00
3.509829382687555288e+00
3.435117342536980090e+00
3.360131481236393824e+00
3.284871798785796937e+00
3.209338295185189871e+00
3.133530970434571294e+00
3.057449824533942540e+00
2.981094857483303606e+00
2.904466069282654939e+00
2.827563459931994760e+00
2.750387029431323516e+00
2.672936777780642981e+00
2.595212704979951379e+00
2.517214811029248711e+00
2.438943095928535865e+00
2.360397559677812840e+00
2.281578202277079193e+00
2.202485023726335367e+00
2.123118024025580475e+00
2.043477203174814072e+00
1.963562561174038823e+00
1.883374098023252952e+00
1.802911813722455792e+00
1.722175708271648897e+00
1.641165781670830714e+00
1.559882033920001909e+00
1.478324465019162481e+00
1.396493074968313319e+00
1.314387863767452647e+00
1.232008831416582906e+00
1.149355977915700988e+00
1.066429303264809558e+00
9.832288074639076170e-01
8.997544905129942761e-01
8.160063524120712009e-01
7.319843931611379473e-01
6.476886127601918508e-01
5.631190112092366862e-01
4.782755885082719538e-01
3.931583446572956553e-01
3.077672796563096780e-01
2.221023935053128284e-01
1.361636862043038021e-01
4.995115775328636681e-02
-3.653519184774196848e-02
-1.232953625987812107e-01
-2.103293544998313946e-01
-2.976371675508912018e-01
-3.852188017519625474e-01
-4.730742571030435162e-01
-5.612035336041342193e-01
-6.496066312552395416e-01
-7.382835500563519338e-01
-8.272342900074740601e-01
-9.164588511086083633e-01
-1.005957233359753511e+00
-1.095729436760908504e+00
-1.185775461312074119e+00
-1.276095307013249469e+00
-1.366688973864435663e+00
-1.457556461865634256e+00
-1.548697771016842584e+00
-1.640112901318060423e+00
-1.731801852769288885e+00
-1.823764625370528414e+00
-1.916001219121777899e+00
-2.008511634023039338e+00
-2.101295870074308958e+00
-2.194353927275589644e+00
-2.287685805626883617e+00
-2.381291505128185548e+00
-2.475171025779497658e+00
-2.569324367580821722e+00
-2.663751530532155964e+00
-2.758452514633501718e+00
