7.663538486162284613e+00
7.600058230486840927e+00
7.535685221800977551e+00
7.470419460104694487e+00
7.404260945397991733e+00
7.337209677680869291e+00
7.269265656953325383e+00
7.200428883215363562e+00
7.130699356466980277e+00
7.060077076708178190e+00
6.988562043938956414e+00
6.916154258159313173e+00
6.842853719369251131e+00
6.768660427568768512e+00
6.693574382757867980e+00
6.617595584936545094e+00
6.540724034104804296e+00
6.462959730262642921e+00
6.384302673410060969e+00
6.304752863547059327e+00
6.224310300673637109e+00
6.142974984789796977e+00
6.060746915895535381e+00
5.977626093990854095e+00
5.893612519075753120e+00
5.808706191150231568e+00
5.722907110214291215e+00
5.636215276267929397e+00
5.548630689311150554e+00
5.460153349343950246e+00
5.370783256366328473e+00
5.280520410378288787e+00
5.189364811379827636e+00
5.097316459370947683e+00
5.004375354351648930e+00
4.910541496321927823e+00
4.815814885281787916e+00
4.720195521231228319e+00
4.623683404170248146e+00
4.526278534098850059e+00
4.427980911017030508e+00
4.328790534924790379e+00
4.228707405822131449e+00
4.127731523709052830e+00
4.025862888585552746e+00
3.923101500451633861e+00
3.819447359307295731e+00
3.714900465152536579e+00
3.609460817987358183e+00
3.503128417811759654e+00
3.395903264625740992e+00
3.287785358429303528e+00
3.178774699222445488e+00
3.068871287005165982e+00
2.958075121777468119e+00
2.846386203539351456e+00
2.733804532290812439e+00
2.620330108031855065e+00
2.505962930762478003e+00
2.390703000482679919e+00
2.274550317192462590e+00
2.157504880891825128e+00
2.039566691580767532e+00
1.920735749259289582e+00
1.801012053927391943e+00
1.680395605585076835e+00
1.558886404232338041e+00
1.436484449869182001e+00
1.313189742495606049e+00
1.189002282111608855e+00
1.063922068717191971e+00
9.379491023123555093e-01
8.110833828970994697e-01
6.833249104714238520e-01
5.546736850353277681e-01
4.251297065888120508e-01
2.946929751318748680e-01
1.633634906645181351e-01
3.114125318674370799e-02
-1.019737373014522053e-01
-2.359814808000686159e-01
-3.708819773091027172e-01
-5.066752268285583671e-01
-6.433612293584344277e-01
-7.809399848987290671e-01
-9.194114934494443947e-01
-1.058775755010579189e+00
-1.199032769582134561e+00
-1.340182537164108512e+00
-1.482225057756503039e+00
-1.625160331359318144e+00
-1.768988357972553827e+00
-1.913709137596203869e+00
-2.059322670230280483e+00
-2.205828955874775676e+00
-2.353227994529686118e+00
-2.501519786195022022e+00
-2.650704330870777170e+00
-2.800781628556950675e+00
-2.951751679253542537e+00
