6.080293278872193063e+00
6.067068014851074054e+00
6.052796414486741661e+00
6.037478477779197661e+00
6.021114204728441166e+00
6.003703595334469512e+00
5.985246649597286250e+00
5.965743367516889606e+00
5.945193749093280466e+00
5.923597794326458832e+00
5.900955503216422038e+00
5.877266875763172749e+00
5.852531911966712741e+00
5.826750611827037574e+00
5.799922975344150800e+00
5.772049002518049754e+00
5.743128693348736213e+00
5.713162047836209290e+00
5.682149065980470759e+00
5.650089747781517069e+00
5.616984093239353548e+00
5.582832102353974868e+00
5.547633775125382805e+00
5.511389111553578246e+00
5.474098111638561193e+00
5.435760775380330756e+00
5.396377102778887824e+00
5.355947093834231509e+00
5.314470748546362699e+00
5.271948066915280506e+00
5.228379048940984930e+00
5.183763694623476859e+00
5.138102003962755404e+00
5.091393976958821455e+00
5.043639613611674122e+00
4.994838913921314294e+00
4.944991877887741083e+00
4.894098505510955377e+00
4.842158796790956288e+00
4.789172751727742927e+00
4.735140370321318848e+00
4.680061652571680497e+00
4.623936598478829652e+00
4.566765208042765423e+00
4.508547481263487811e+00
4.449283418140998592e+00
4.388973018675295101e+00
4.327616282866379116e+00
4.265213210714250636e+00
4.201763802218907884e+00
4.137268057380353525e+00
4.071725976198584895e+00
4.005137558673604659e+00
3.937502804805411039e+00
3.868821714594004035e+00
3.799094288039383649e+00
3.728320525141551212e+00
3.656500425900505835e+00
3.583633990316247075e+00
3.509721218388775377e+00
3.434762110118090295e+00
3.358756665504190941e+00
3.281704884547081313e+00
3.203606767246757414e+00
3.124462313603219688e+00
3.044271523616470354e+00
2.963034397286508970e+00
2.880750934613332426e+00
2.797421135596943387e+00
2.713045000237342741e+00
2.627622528534527380e+00
2.541153720488499967e+00
2.453638576099260504e+00
2.365077095366805882e+00
2.275469278291139652e+00
2.184815124872260039e+00
2.093114635110166155e+00
2.000367809004861108e+00
1.906574646556342678e+00
1.811735147764610865e+00
1.715849312629666779e+00
1.618917141151509753e+00
1.520938633330138678e+00
1.421913789165555331e+00
1.321842608657759044e+00
1.220725091806748708e+00
1.118561238612527653e+00
1.015351049075092105e+00
9.110945231944426181e-01
8.057916609705821909e-01
6.994424624035083804e-01
5.920469274932196324e-01
4.836050562397206098e-01
3.741168486430081486e-01
2.635823047030796396e-01
1.520014244199414666e-01
3.937420779358979245e-02
-7.429934517597662491e-02
-1.890192344887539899e-01
-3.047854601447461120e-01
